{
 "cells": [
  {
   "cell_type": "code",
   "execution_count": 1,
   "id": "b8bd175d",
   "metadata": {},
   "outputs": [],
   "source": [
    "import pandas as pd"
   ]
  },
  {
   "cell_type": "code",
   "execution_count": 2,
   "id": "1fea11c1",
   "metadata": {},
   "outputs": [],
   "source": [
    "data=pd.read_csv(\"/home/placement/Desktop/venkatesh/fiat500int.csv\")"
   ]
  },
  {
   "cell_type": "code",
   "execution_count": 3,
   "id": "59d63788",
   "metadata": {},
   "outputs": [
    {
     "data": {
      "text/html": [
       "<div>\n",
       "<style scoped>\n",
       "    .dataframe tbody tr th:only-of-type {\n",
       "        vertical-align: middle;\n",
       "    }\n",
       "\n",
       "    .dataframe tbody tr th {\n",
       "        vertical-align: top;\n",
       "    }\n",
       "\n",
       "    .dataframe thead th {\n",
       "        text-align: right;\n",
       "    }\n",
       "</style>\n",
       "<table border=\"1\" class=\"dataframe\">\n",
       "  <thead>\n",
       "    <tr style=\"text-align: right;\">\n",
       "      <th></th>\n",
       "      <th>ID</th>\n",
       "      <th>engine_power</th>\n",
       "      <th>age_in_days</th>\n",
       "      <th>km</th>\n",
       "      <th>previous_owners</th>\n",
       "      <th>lat</th>\n",
       "      <th>lon</th>\n",
       "      <th>price</th>\n",
       "    </tr>\n",
       "  </thead>\n",
       "  <tbody>\n",
       "    <tr>\n",
       "      <th>ID</th>\n",
       "      <td>1.000000</td>\n",
       "      <td>-0.034059</td>\n",
       "      <td>-0.060753</td>\n",
       "      <td>-0.006537</td>\n",
       "      <td>0.007803</td>\n",
       "      <td>-0.058207</td>\n",
       "      <td>0.058941</td>\n",
       "      <td>0.028516</td>\n",
       "    </tr>\n",
       "    <tr>\n",
       "      <th>engine_power</th>\n",
       "      <td>-0.034059</td>\n",
       "      <td>1.000000</td>\n",
       "      <td>0.319190</td>\n",
       "      <td>0.285495</td>\n",
       "      <td>-0.005030</td>\n",
       "      <td>0.005721</td>\n",
       "      <td>-0.005032</td>\n",
       "      <td>-0.277235</td>\n",
       "    </tr>\n",
       "    <tr>\n",
       "      <th>age_in_days</th>\n",
       "      <td>-0.060753</td>\n",
       "      <td>0.319190</td>\n",
       "      <td>1.000000</td>\n",
       "      <td>0.833890</td>\n",
       "      <td>0.075775</td>\n",
       "      <td>0.062982</td>\n",
       "      <td>-0.042667</td>\n",
       "      <td>-0.893328</td>\n",
       "    </tr>\n",
       "    <tr>\n",
       "      <th>km</th>\n",
       "      <td>-0.006537</td>\n",
       "      <td>0.285495</td>\n",
       "      <td>0.833890</td>\n",
       "      <td>1.000000</td>\n",
       "      <td>0.097539</td>\n",
       "      <td>0.035519</td>\n",
       "      <td>0.004839</td>\n",
       "      <td>-0.859373</td>\n",
       "    </tr>\n",
       "    <tr>\n",
       "      <th>previous_owners</th>\n",
       "      <td>0.007803</td>\n",
       "      <td>-0.005030</td>\n",
       "      <td>0.075775</td>\n",
       "      <td>0.097539</td>\n",
       "      <td>1.000000</td>\n",
       "      <td>0.001697</td>\n",
       "      <td>-0.026836</td>\n",
       "      <td>-0.076274</td>\n",
       "    </tr>\n",
       "    <tr>\n",
       "      <th>lat</th>\n",
       "      <td>-0.058207</td>\n",
       "      <td>0.005721</td>\n",
       "      <td>0.062982</td>\n",
       "      <td>0.035519</td>\n",
       "      <td>0.001697</td>\n",
       "      <td>1.000000</td>\n",
       "      <td>-0.766646</td>\n",
       "      <td>-0.011733</td>\n",
       "    </tr>\n",
       "    <tr>\n",
       "      <th>lon</th>\n",
       "      <td>0.058941</td>\n",
       "      <td>-0.005032</td>\n",
       "      <td>-0.042667</td>\n",
       "      <td>0.004839</td>\n",
       "      <td>-0.026836</td>\n",
       "      <td>-0.766646</td>\n",
       "      <td>1.000000</td>\n",
       "      <td>-0.003541</td>\n",
       "    </tr>\n",
       "    <tr>\n",
       "      <th>price</th>\n",
       "      <td>0.028516</td>\n",
       "      <td>-0.277235</td>\n",
       "      <td>-0.893328</td>\n",
       "      <td>-0.859373</td>\n",
       "      <td>-0.076274</td>\n",
       "      <td>-0.011733</td>\n",
       "      <td>-0.003541</td>\n",
       "      <td>1.000000</td>\n",
       "    </tr>\n",
       "  </tbody>\n",
       "</table>\n",
       "</div>"
      ],
      "text/plain": [
       "                       ID  engine_power  age_in_days        km  \\\n",
       "ID               1.000000     -0.034059    -0.060753 -0.006537   \n",
       "engine_power    -0.034059      1.000000     0.319190  0.285495   \n",
       "age_in_days     -0.060753      0.319190     1.000000  0.833890   \n",
       "km              -0.006537      0.285495     0.833890  1.000000   \n",
       "previous_owners  0.007803     -0.005030     0.075775  0.097539   \n",
       "lat             -0.058207      0.005721     0.062982  0.035519   \n",
       "lon              0.058941     -0.005032    -0.042667  0.004839   \n",
       "price            0.028516     -0.277235    -0.893328 -0.859373   \n",
       "\n",
       "                 previous_owners       lat       lon     price  \n",
       "ID                      0.007803 -0.058207  0.058941  0.028516  \n",
       "engine_power           -0.005030  0.005721 -0.005032 -0.277235  \n",
       "age_in_days             0.075775  0.062982 -0.042667 -0.893328  \n",
       "km                      0.097539  0.035519  0.004839 -0.859373  \n",
       "previous_owners         1.000000  0.001697 -0.026836 -0.076274  \n",
       "lat                     0.001697  1.000000 -0.766646 -0.011733  \n",
       "lon                    -0.026836 -0.766646  1.000000 -0.003541  \n",
       "price                  -0.076274 -0.011733 -0.003541  1.000000  "
      ]
     },
     "execution_count": 3,
     "metadata": {},
     "output_type": "execute_result"
    }
   ],
   "source": [
    "cor_mat=data.corr()\n",
    "cor_mat"
   ]
  },
  {
   "cell_type": "code",
   "execution_count": null,
   "id": "8f9a7dcb",
   "metadata": {},
   "outputs": [],
   "source": []
  }
 ],
 "metadata": {
  "kernelspec": {
   "display_name": "Python 3 (ipykernel)",
   "language": "python",
   "name": "python3"
  },
  "language_info": {
   "codemirror_mode": {
    "name": "ipython",
    "version": 3
   },
   "file_extension": ".py",
   "mimetype": "text/x-python",
   "name": "python",
   "nbconvert_exporter": "python",
   "pygments_lexer": "ipython3",
   "version": "3.10.9"
  }
 },
 "nbformat": 4,
 "nbformat_minor": 5
}
